Wired Network
    20
    80
    443
    1701
    1935
    2401
    3389
    3691
    5060
    7777
    8080
    8081
    28379

SSID: DEI
    20
    80
    110
    143
    443
    465
    500
    548
    587
    993
    995
    1194
    1433
    1701
    1720
    1863
    1935
    2082
    2401
    3306
    3389
    3478
    3690
    3691
    4244
    4321
    4333
    4500
    5060
    5061
    5070
    5222
    5242
    5432
    5800
    5900
    5901
    5902
    6555
    6667
    7690
    7777
    8080
    8081
    9003
    9418
    14259
    28379
    39820
    53535
    
SSID: eduroam

